   0.0000000e+00   3.6300000e+01
   2.4556617e-01   3.6600000e+01
   4.9113233e-01   3.6700000e+01
   7.3669850e-01   3.6800000e+01
   9.8226467e-01   3.7000000e+01
   1.2278308e+00   3.7100000e+01
   1.4733970e+00   3.7200000e+01
   1.7189632e+00   3.7300000e+01
   1.9645293e+00   3.7600000e+01
   2.2100955e+00   3.7700000e+01
   2.4556617e+00   3.7900000e+01
   2.7012278e+00   3.8200000e+01
   2.9467940e+00   3.8300000e+01
   3.1923602e+00   3.8400000e+01
   3.4379263e+00   3.8700000e+01
   3.6834925e+00   3.8900000e+01
   3.9290587e+00   3.8900000e+01
   4.1746248e+00   3.9000000e+01
   4.4201910e+00   3.9300000e+01
   4.6657572e+00   3.9300000e+01
   4.9113233e+00   3.9300000e+01
   5.1568895e+00   3.9400000e+01
   5.4024557e+00   3.9400000e+01
   5.6480218e+00   3.9400000e+01
   5.8935880e+00   3.9400000e+01
   6.1391542e+00   3.9400000e+01
   6.3847203e+00   3.9400000e+01
   6.6302865e+00   3.9400000e+01
   6.8758527e+00   3.9400000e+01
   7.1214188e+00   3.9400000e+01
   7.3669850e+00   3.9400000e+01
   7.6125512e+00   3.9400000e+01
   7.8581173e+00   3.9500000e+01
   8.1036835e+00   3.9500000e+01
   8.3492497e+00   3.9500000e+01
   8.5948158e+00   3.9800000e+01
   8.8403820e+00   3.9800000e+01
   9.0859482e+00   3.9800000e+01
   9.3315143e+00   3.9900000e+01
   9.5770805e+00   3.9900000e+01
   9.8226467e+00   3.9900000e+01
   1.0068213e+01   3.9900000e+01
   1.0313779e+01   3.9900000e+01
   1.0559345e+01   3.9900000e+01
   1.0804911e+01   4.0000000e+01
   1.1050477e+01   4.0200000e+01
   1.1296044e+01   4.0200000e+01
   1.1541610e+01   4.0400000e+01
   1.1787176e+01   4.0600000e+01
   1.2032742e+01   4.0800000e+01
   1.2278308e+01   4.0900000e+01
   1.2523874e+01   4.1000000e+01
   1.2769441e+01   4.1300000e+01
   1.3015007e+01   4.1300000e+01
   1.3260573e+01   4.1300000e+01
   1.3506139e+01   4.1400000e+01
   1.3751705e+01   4.1400000e+01
   1.3997271e+01   4.1400000e+01
   1.4242838e+01   4.1400000e+01
   1.4488404e+01   4.1400000e+01
   1.4733970e+01   4.1400000e+01
   1.4979536e+01   4.1400000e+01
   1.5225102e+01   4.1400000e+01
   1.5470668e+01   4.1400000e+01
   1.5716235e+01   4.1400000e+01
   1.5961801e+01   4.1400000e+01
   1.6207367e+01   4.1400000e+01
   1.6452933e+01   4.1400000e+01
   1.6698499e+01   4.1400000e+01
   1.6944065e+01   4.1500000e+01
   1.7189632e+01   4.1600000e+01
   1.7435198e+01   4.1700000e+01
   1.7680764e+01   4.1900000e+01
   1.7926330e+01   4.2000000e+01
   1.8171896e+01   4.2200000e+01
   1.8417462e+01   4.2200000e+01
   1.8663029e+01   4.2200000e+01
   1.8908595e+01   4.2400000e+01
   1.9154161e+01   4.2500000e+01
   1.9399727e+01   4.2400000e+01
   1.9645293e+01   4.2200000e+01
   1.9890859e+01   4.2100000e+01
   2.0136426e+01   4.1700000e+01
   2.0381992e+01   4.1500000e+01
   2.0627558e+01   4.1400000e+01
   2.0873124e+01   4.1000000e+01
   2.1118690e+01   4.0800000e+01
   2.1364256e+01   4.0500000e+01
   2.1609823e+01   4.0300000e+01
   2.1855389e+01   4.0200000e+01
   2.2100955e+01   3.9900000e+01
   2.2346521e+01   3.9700000e+01
   2.2592087e+01   3.9500000e+01
   2.2837653e+01   3.9300000e+01
   2.3083220e+01   3.9200000e+01
   2.3328786e+01   3.9000000e+01
   2.3574352e+01   3.8900000e+01
   2.3819918e+01   3.8900000e+01
   2.4065484e+01   3.8900000e+01
   2.4311050e+01   3.8900000e+01
   2.4556617e+01   3.8900000e+01
   2.4802183e+01   3.9400000e+01
   2.5047749e+01   3.9700000e+01
   2.5293315e+01   3.9900000e+01
   2.5538881e+01   4.0500000e+01
   2.5784447e+01   4.0900000e+01
   2.6030014e+01   4.1300000e+01
   2.6275580e+01   4.1400000e+01
   2.6521146e+01   4.1500000e+01
   2.6766712e+01   4.1600000e+01
   2.7012278e+01   4.1600000e+01
   2.7257844e+01   4.1600000e+01
   2.7503411e+01   4.1700000e+01
   2.7748977e+01   4.1700000e+01
   2.7994543e+01   4.2000000e+01
   2.8240109e+01   4.2200000e+01
   2.8485675e+01   4.2400000e+01
   2.8731241e+01   4.2600000e+01
   2.8976808e+01   4.2900000e+01
   2.9222374e+01   4.2900000e+01
   2.9467940e+01   4.2900000e+01
   2.9713506e+01   4.2900000e+01
   2.9959072e+01   4.2900000e+01
   3.0204638e+01   4.2900000e+01
   3.0450205e+01   4.2900000e+01
   3.0695771e+01   4.2700000e+01
   3.0941337e+01   4.2700000e+01
   3.1186903e+01   4.2700000e+01
   3.1432469e+01   4.2600000e+01
   3.1678035e+01   4.2600000e+01
   3.1923602e+01   4.2600000e+01
   3.2169168e+01   4.2600000e+01
   3.2414734e+01   4.2600000e+01
   3.2660300e+01   4.2500000e+01
   3.2905866e+01   4.2500000e+01
   3.3151432e+01   4.2400000e+01
   3.3396999e+01   4.2200000e+01
   3.3642565e+01   4.2200000e+01
   3.3888131e+01   4.2100000e+01
   3.4133697e+01   4.2200000e+01
   3.4379263e+01   4.2400000e+01
   3.4624829e+01   4.2400000e+01
   3.4870396e+01   4.2600000e+01
   3.5115962e+01   4.2900000e+01
   3.5361528e+01   4.3100000e+01
   3.5607094e+01   4.3300000e+01
   3.5852660e+01   4.3600000e+01
   3.6098226e+01   4.4100000e+01
   3.6343793e+01   4.4400000e+01
   3.6589359e+01   4.4900000e+01
   3.6834925e+01   4.5300000e+01
   3.7080491e+01   4.5600000e+01
   3.7326057e+01   4.6000000e+01
   3.7571623e+01   4.6200000e+01
   3.7817190e+01   4.6300000e+01
   3.8062756e+01   4.6400000e+01
   3.8308322e+01   4.6400000e+01
   3.8553888e+01   4.6500000e+01
   3.8799454e+01   4.6500000e+01
   3.9045020e+01   4.6500000e+01
   3.9290587e+01   4.6500000e+01
   3.9536153e+01   4.6400000e+01
   3.9781719e+01   4.6400000e+01
   4.0027285e+01   4.6200000e+01
   4.0272851e+01   4.6200000e+01
   4.0518417e+01   4.5100000e+01
   4.0763984e+01   4.4700000e+01
   4.1009550e+01   4.4400000e+01
   4.1255116e+01   4.3500000e+01
   4.1500682e+01   4.3100000e+01
   4.1746248e+01   4.3100000e+01
   4.1991814e+01   4.3200000e+01
   4.2237381e+01   4.3200000e+01
   4.2482947e+01   4.3300000e+01
   4.2728513e+01   4.3500000e+01
   4.2974079e+01   4.3600000e+01
   4.3219645e+01   4.3600000e+01
   4.3465211e+01   4.3800000e+01
   4.3710778e+01   4.4100000e+01
   4.3956344e+01   4.4100000e+01
   4.4201910e+01   4.4300000e+01
   4.4447476e+01   4.4600000e+01
   4.4693042e+01   4.4600000e+01
   4.4938608e+01   4.4700000e+01
   4.5184175e+01   4.4800000e+01
   4.5429741e+01   4.4800000e+01
   4.5675307e+01   4.4800000e+01
   4.5920873e+01   4.4800000e+01
   4.6166439e+01   4.4800000e+01
   4.6412005e+01   4.4800000e+01
   4.6657572e+01   4.4800000e+01
   4.6903138e+01   4.4800000e+01
   4.7148704e+01   4.4800000e+01
   4.7394270e+01   4.4800000e+01
   4.7639836e+01   4.4700000e+01
   4.7885402e+01   4.4700000e+01
   4.8130969e+01   4.4400000e+01
   4.8376535e+01   4.3800000e+01
   4.8622101e+01   4.3600000e+01
   4.8867667e+01   4.3300000e+01
   4.9113233e+01   4.2600000e+01
   4.9358799e+01   4.2200000e+01
   4.9604366e+01   4.2000000e+01
   4.9849932e+01   4.1900000e+01
   5.0095498e+01   4.1600000e+01
   5.0341064e+01   4.1600000e+01
   5.0586630e+01   4.1600000e+01
   5.0832196e+01   4.1600000e+01
   5.1077763e+01   4.1600000e+01
   5.1323329e+01   4.1600000e+01
   5.1568895e+01   4.1600000e+01
   5.1814461e+01   4.1600000e+01
   5.2060027e+01   4.1600000e+01
   5.2305593e+01   4.1600000e+01
   5.2551160e+01   4.1600000e+01
   5.2796726e+01   4.1600000e+01
   5.3042292e+01   4.1600000e+01
   5.3287858e+01   4.1600000e+01
   5.3533424e+01   4.1600000e+01
   5.3778990e+01   4.1600000e+01
   5.4024557e+01   4.1600000e+01
   5.4270123e+01   4.1600000e+01
   5.4515689e+01   4.1600000e+01
   5.4761255e+01   4.1600000e+01
   5.5006821e+01   4.1600000e+01
   5.5252387e+01   4.1500000e+01
   5.5497954e+01   4.1500000e+01
   5.5743520e+01   4.1500000e+01
   5.5989086e+01   4.0900000e+01
   5.6234652e+01   4.0800000e+01
   5.6480218e+01   4.0600000e+01
   5.6725784e+01   3.9900000e+01
   5.6971351e+01   3.9400000e+01
   5.7216917e+01   3.8400000e+01
   5.7462483e+01   3.8300000e+01
   5.7708049e+01   3.8100000e+01
   5.7953615e+01   3.7200000e+01
   5.8199181e+01   3.7200000e+01
   5.8444748e+01   3.7200000e+01
   5.8690314e+01   3.7100000e+01
   5.8935880e+01   3.7100000e+01
   5.9181446e+01   3.7000000e+01
   5.9427012e+01   3.6800000e+01
   5.9672578e+01   3.6700000e+01
   5.9918145e+01   3.6600000e+01
   6.0163711e+01   3.6600000e+01
   6.0409277e+01   3.6500000e+01
   6.0654843e+01   3.6500000e+01
   6.0900409e+01   3.6500000e+01
   6.1145975e+01   3.6500000e+01
   6.1391542e+01   3.6500000e+01
   6.1637108e+01   3.6500000e+01
   6.1882674e+01   3.6500000e+01
   6.2128240e+01   3.6500000e+01
   6.2373806e+01   3.6500000e+01
   6.2619372e+01   3.6500000e+01
   6.2864939e+01   3.6500000e+01
   6.3110505e+01   3.6500000e+01
   6.3356071e+01   3.6700000e+01
   6.3601637e+01   3.6700000e+01
   6.3847203e+01   3.6700000e+01
   6.4092769e+01   3.7000000e+01
   6.4338336e+01   3.7000000e+01
   6.4583902e+01   3.7000000e+01
   6.4829468e+01   3.7000000e+01
   6.5075034e+01   3.7000000e+01
   6.5320600e+01   3.7000000e+01
   6.5566166e+01   3.7000000e+01
   6.5811733e+01   3.7000000e+01
   6.6057299e+01   3.7000000e+01
   6.6302865e+01   3.6800000e+01
   6.6548431e+01   3.6800000e+01
   6.6793997e+01   3.6700000e+01
   6.7039563e+01   3.6500000e+01
   6.7285130e+01   3.6500000e+01
   6.7530696e+01   3.6300000e+01
   6.7776262e+01   3.6100000e+01
   6.8021828e+01   3.6000000e+01
   6.8267394e+01   3.5700000e+01
   6.8512960e+01   3.5400000e+01
   6.8758527e+01   3.5100000e+01
   6.9004093e+01   3.5000000e+01
   6.9249659e+01   3.4500000e+01
   6.9495225e+01   3.4400000e+01
   6.9740791e+01   3.4400000e+01
   6.9986357e+01   3.4300000e+01
   7.0231924e+01   3.4300000e+01
   7.0477490e+01   3.4300000e+01
   7.0723056e+01   3.4300000e+01
   7.0968622e+01   3.4100000e+01
   7.1214188e+01   3.4000000e+01
   7.1459754e+01   3.4000000e+01
   7.1705321e+01   3.3800000e+01
   7.1950887e+01   3.3500000e+01
   7.2196453e+01   3.3500000e+01
   7.2442019e+01   3.3300000e+01
   7.2687585e+01   3.3000000e+01
   7.2933151e+01   3.2900000e+01
   7.3178718e+01   3.2800000e+01
   7.3424284e+01   3.2500000e+01
   7.3669850e+01   3.2400000e+01
   7.3915416e+01   3.2000000e+01
   7.4160982e+01   3.0700000e+01
   7.4406548e+01   3.0600000e+01
   7.4652115e+01   3.0300000e+01
   7.4897681e+01   2.9100000e+01
   7.5143247e+01   2.9100000e+01
   7.5388813e+01   2.9100000e+01
   7.5634379e+01   2.9100000e+01
   7.5879945e+01   2.9100000e+01
   7.6125512e+01   2.9100000e+01
   7.6371078e+01   2.9100000e+01
   7.6616644e+01   2.9100000e+01
   7.6862210e+01   2.9100000e+01
   7.7107776e+01   2.9100000e+01
   7.7353342e+01   2.9100000e+01
   7.7598909e+01   2.9100000e+01
   7.7844475e+01   2.9000000e+01
   7.8090041e+01   2.9000000e+01
   7.8335607e+01   2.8900000e+01
   7.8581173e+01   2.8900000e+01
   7.8826739e+01   2.8900000e+01
   7.9072306e+01   2.8900000e+01
   7.9317872e+01   2.8700000e+01
   7.9563438e+01   2.8500000e+01
   7.9809004e+01   2.8200000e+01
   8.0054570e+01   2.8000000e+01
   8.0300136e+01   2.7700000e+01
   8.0545703e+01   2.7600000e+01
   8.0791269e+01   2.7400000e+01
   8.1036835e+01   2.7300000e+01
   8.1282401e+01   2.7100000e+01
   8.1527967e+01   2.7000000e+01
   8.1773533e+01   2.6900000e+01
   8.2019100e+01   2.6600000e+01
   8.2264666e+01   2.6500000e+01
   8.2510232e+01   2.6400000e+01
   8.2755798e+01   2.6300000e+01
   8.3001364e+01   2.6200000e+01
   8.3246930e+01   2.6000000e+01
   8.3492497e+01   2.5900000e+01
   8.3738063e+01   2.5500000e+01
   8.3983629e+01   2.5400000e+01
   8.4229195e+01   2.5300000e+01
   8.4474761e+01   2.5300000e+01
   8.4720327e+01   2.4900000e+01
   8.4965894e+01   2.4900000e+01
   8.5211460e+01   2.4900000e+01
   8.5457026e+01   2.4800000e+01
   8.5702592e+01   2.4800000e+01
   8.5948158e+01   2.4700000e+01
   8.6193724e+01   2.4600000e+01
   8.6439291e+01   2.4200000e+01
   8.6684857e+01   2.4100000e+01
   8.6930423e+01   2.4100000e+01
   8.7175989e+01   2.3800000e+01
   8.7421555e+01   2.3500000e+01
   8.7667121e+01   2.3300000e+01
   8.7912688e+01   2.3300000e+01
   8.8158254e+01   2.3100000e+01
   8.8403820e+01   2.3100000e+01
   8.8649386e+01   2.3000000e+01
   8.8894952e+01   2.2800000e+01
   8.9140518e+01   2.2700000e+01
   8.9386085e+01   2.2500000e+01
   8.9631651e+01   2.2500000e+01
   8.9877217e+01   2.2200000e+01
   9.0122783e+01   2.2100000e+01
   9.0368349e+01   2.2000000e+01
   9.0613915e+01   2.1700000e+01
   9.0859482e+01   2.1700000e+01
   9.1105048e+01   2.1500000e+01
   9.1350614e+01   2.1400000e+01
   9.1596180e+01   2.1400000e+01
   9.1841746e+01   2.1200000e+01
   9.2087312e+01   2.1000000e+01
   9.2332879e+01   2.0900000e+01
   9.2578445e+01   2.0800000e+01
   9.2824011e+01   2.0500000e+01
   9.3069577e+01   2.0400000e+01
   9.3315143e+01   2.0300000e+01
   9.3560709e+01   2.0100000e+01
   9.3806276e+01   2.0000000e+01
   9.4051842e+01   1.9900000e+01
   9.4297408e+01   1.9800000e+01
   9.4542974e+01   1.9800000e+01
   9.4788540e+01   1.9800000e+01
   9.5034106e+01   1.9800000e+01
   9.5279673e+01   1.9800000e+01
   9.5525239e+01   1.9800000e+01
   9.5770805e+01   1.9600000e+01
   9.6016371e+01   1.9600000e+01
   9.6261937e+01   1.9500000e+01
   9.6507503e+01   1.9500000e+01
   9.6753070e+01   1.9400000e+01
   9.6998636e+01   1.9300000e+01
   9.7244202e+01   1.9000000e+01
   9.7489768e+01   1.9000000e+01
   9.7735334e+01   1.8700000e+01
   9.7980900e+01   1.8700000e+01
   9.8226467e+01   1.8400000e+01
   9.8472033e+01   1.8400000e+01
   9.8717599e+01   1.8200000e+01
   9.8963165e+01   1.8200000e+01
   9.9208731e+01   1.8000000e+01
   9.9454297e+01   1.7800000e+01
   9.9699864e+01   1.7700000e+01
   9.9945430e+01   1.7600000e+01
   1.0019100e+02   1.7300000e+01
   1.0043656e+02   1.7200000e+01
   1.0068213e+02   1.7100000e+01
   1.0092769e+02   1.6900000e+01
   1.0117326e+02   1.6800000e+01
   1.0141883e+02   1.6800000e+01
   1.0166439e+02   1.6800000e+01
   1.0190996e+02   1.6800000e+01
   1.0215553e+02   1.6800000e+01
   1.0240109e+02   1.6800000e+01
   1.0264666e+02   1.6800000e+01
   1.0289222e+02   1.6700000e+01
   1.0313779e+02   1.6700000e+01
   1.0338336e+02   1.6700000e+01
   1.0362892e+02   1.6500000e+01
   1.0387449e+02   1.6200000e+01
   1.0412005e+02   1.6100000e+01
   1.0436562e+02   1.6000000e+01
   1.0461119e+02   1.5600000e+01
   1.0485675e+02   1.5200000e+01
   1.0510232e+02   1.5200000e+01
   1.0534789e+02   1.4600000e+01
   1.0559345e+02   1.4500000e+01
   1.0583902e+02   1.4400000e+01
   1.0608458e+02   1.4200000e+01
   1.0633015e+02   1.4100000e+01
   1.0657572e+02   1.3900000e+01
   1.0682128e+02   1.3900000e+01
   1.0706685e+02   1.3800000e+01
   1.0731241e+02   1.3500000e+01
   1.0755798e+02   1.3500000e+01
   1.0780355e+02   1.3400000e+01
   1.0804911e+02   1.3400000e+01
   1.0829468e+02   1.3300000e+01
   1.0854025e+02   1.3300000e+01
   1.0878581e+02   1.3100000e+01
   1.0903138e+02   1.2900000e+01
   1.0927694e+02   1.2900000e+01
   1.0952251e+02   1.2600000e+01
   1.0976808e+02   1.2400000e+01
   1.1001364e+02   1.2400000e+01
   1.1025921e+02   1.2000000e+01
   1.1050477e+02   1.1900000e+01
   1.1075034e+02   1.1800000e+01
   1.1099591e+02   1.1700000e+01
   1.1124147e+02   1.1400000e+01
   1.1148704e+02   1.1200000e+01
   1.1173261e+02   1.1200000e+01
   1.1197817e+02   1.1100000e+01
   1.1222374e+02   1.0900000e+01
   1.1246930e+02   1.0900000e+01
   1.1271487e+02   1.0900000e+01
   1.1296044e+02   1.0900000e+01
   1.1320600e+02   1.0900000e+01
   1.1345157e+02   1.0900000e+01
   1.1369714e+02   1.0900000e+01
   1.1394270e+02   1.0900000e+01
   1.1418827e+02   1.0800000e+01
   1.1443383e+02   1.0700000e+01
   1.1467940e+02   1.0400000e+01
   1.1492497e+02   1.0400000e+01
   1.1517053e+02   1.0100000e+01
   1.1541610e+02   9.8000000e+00
   1.1566166e+02   9.7000000e+00
   1.1590723e+02   9.5000000e+00
   1.1615280e+02   9.2000000e+00
   1.1639836e+02   9.1000000e+00
   1.1664393e+02   9.0000000e+00
   1.1688950e+02   8.8000000e+00
   1.1713506e+02   8.8000000e+00
   1.1738063e+02   8.7000000e+00
   1.1762619e+02   8.7000000e+00
   1.1787176e+02   8.7000000e+00
   1.1811733e+02   8.7000000e+00
   1.1836289e+02   8.6000000e+00
   1.1860846e+02   8.6000000e+00
   1.1885402e+02   8.6000000e+00
   1.1909959e+02   8.5000000e+00
   1.1934516e+02   8.5000000e+00
   1.1959072e+02   8.3000000e+00
   1.1983629e+02   8.3000000e+00
   1.2008186e+02   8.3000000e+00
   1.2032742e+02   8.1000000e+00
   1.2057299e+02   8.0000000e+00
   1.2081855e+02   7.9000000e+00
   1.2106412e+02   7.6000000e+00
   1.2130969e+02   5.4000000e+00
   1.2155525e+02   5.2000000e+00
   1.2180082e+02   4.8000000e+00
   1.2204638e+02   4.6000000e+00
   1.2229195e+02   2.6000000e+00
   1.2253752e+02   2.5000000e+00
   1.2278308e+02   2.3000000e+00
   1.2302865e+02   2.2000000e+00
   1.2327422e+02   1.7000000e+00
   1.2351978e+02   1.4000000e+00
   1.2376535e+02   1.2000000e+00
   1.2401091e+02   9.0000000e-01
   1.2425648e+02   5.0000000e-01
   1.2450205e+02   5.0000000e-01
   1.2474761e+02   2.0000000e-01
   1.2499318e+02   2.0000000e-01
   1.2523874e+02   2.0000000e-01
   1.2548431e+02   1.0000000e-01
   1.2572988e+02   1.0000000e-01
   1.2597544e+02   0.0000000e+00
   1.2622101e+02   0.0000000e+00
   1.2646658e+02   0.0000000e+00
   1.2671214e+02  -1.0000000e-01
   1.2695771e+02  -1.0000000e-01
   1.2720327e+02  -1.0000000e-01
   1.2744884e+02  -1.0000000e-01
   1.2769441e+02  -1.0000000e-01
   1.2793997e+02  -2.0000000e-01
   1.2818554e+02  -2.0000000e-01
   1.2843111e+02  -4.0000000e-01
   1.2867667e+02  -6.0000000e-01
   1.2892224e+02  -9.0000000e-01
   1.2916780e+02  -1.1000000e+00
   1.2941337e+02  -1.4000000e+00
   1.2965894e+02  -1.5000000e+00
   1.2990450e+02  -1.8000000e+00
   1.3015007e+02  -2.0000000e+00
   1.3039563e+02  -2.0000000e+00
   1.3064120e+02  -2.1000000e+00
   1.3088677e+02  -2.1000000e+00
   1.3113233e+02  -2.1000000e+00
   1.3137790e+02  -2.1000000e+00
   1.3162347e+02  -2.1000000e+00
   1.3186903e+02  -2.1000000e+00
   1.3211460e+02  -2.1000000e+00
   1.3236016e+02  -2.1000000e+00
   1.3260573e+02  -2.2000000e+00
   1.3285130e+02  -2.2000000e+00
   1.3309686e+02  -2.3000000e+00
   1.3334243e+02  -2.9000000e+00
   1.3358799e+02  -2.9000000e+00
   1.3383356e+02  -3.1000000e+00
   1.3407913e+02  -3.3000000e+00
   1.3432469e+02  -4.1000000e+00
   1.3457026e+02  -4.2000000e+00
   1.3481583e+02  -4.2000000e+00
   1.3506139e+02  -4.3000000e+00
   1.3530696e+02  -4.3000000e+00
   1.3555252e+02  -4.3000000e+00
   1.3579809e+02  -4.3000000e+00
   1.3604366e+02  -4.3000000e+00
   1.3628922e+02  -4.3000000e+00
   1.3653479e+02  -4.3000000e+00
   1.3678035e+02  -4.3000000e+00
   1.3702592e+02  -4.4000000e+00
   1.3727149e+02  -4.4000000e+00
   1.3751705e+02  -4.5000000e+00
   1.3776262e+02  -4.9000000e+00
   1.3800819e+02  -4.9000000e+00
   1.3825375e+02  -5.0000000e+00
   1.3849932e+02  -5.2000000e+00
   1.3874488e+02  -5.2000000e+00
   1.3899045e+02  -5.2000000e+00
   1.3923602e+02  -5.2000000e+00
   1.3948158e+02  -5.2000000e+00
   1.3972715e+02  -5.3000000e+00
   1.3997271e+02  -5.3000000e+00
   1.4021828e+02  -5.3000000e+00
   1.4046385e+02  -5.3000000e+00
   1.4070941e+02  -5.3000000e+00
   1.4095498e+02  -5.3000000e+00
   1.4120055e+02  -5.3000000e+00
   1.4144611e+02  -5.3000000e+00
   1.4169168e+02  -5.3000000e+00
   1.4193724e+02  -5.3000000e+00
   1.4218281e+02  -5.3000000e+00
   1.4242838e+02  -5.3000000e+00
   1.4267394e+02  -5.3000000e+00
   1.4291951e+02  -5.3000000e+00
   1.4316508e+02  -5.4000000e+00
   1.4341064e+02  -5.5000000e+00
   1.4365621e+02  -5.5000000e+00
   1.4390177e+02  -5.6000000e+00
   1.4414734e+02  -5.8000000e+00
   1.4439291e+02  -5.8000000e+00
   1.4463847e+02  -5.8000000e+00
   1.4488404e+02  -5.8000000e+00
   1.4512960e+02  -5.8000000e+00
   1.4537517e+02  -5.8000000e+00
   1.4562074e+02  -5.8000000e+00
   1.4586630e+02  -5.8000000e+00
   1.4611187e+02  -5.8000000e+00
   1.4635744e+02  -5.8000000e+00
   1.4660300e+02  -5.8000000e+00
   1.4684857e+02  -5.9000000e+00
   1.4709413e+02  -5.9000000e+00
   1.4733970e+02  -6.0000000e+00
   1.4758527e+02  -6.1000000e+00
   1.4783083e+02  -6.3000000e+00
   1.4807640e+02  -6.5000000e+00
   1.4832196e+02  -6.5000000e+00
   1.4856753e+02  -6.8000000e+00
   1.4881310e+02  -6.9000000e+00
   1.4905866e+02  -6.9000000e+00
   1.4930423e+02  -7.1000000e+00
   1.4954980e+02  -7.1000000e+00
   1.4979536e+02  -7.2000000e+00
   1.5004093e+02  -7.2000000e+00
   1.5028649e+02  -7.2000000e+00
   1.5053206e+02  -7.2000000e+00
   1.5077763e+02  -7.2000000e+00
   1.5102319e+02  -7.4000000e+00
   1.5126876e+02  -7.4000000e+00
   1.5151432e+02  -7.4000000e+00
   1.5175989e+02  -7.5000000e+00
   1.5200546e+02  -7.5000000e+00
   1.5225102e+02  -7.6000000e+00
   1.5249659e+02  -7.6000000e+00
   1.5274216e+02  -7.6000000e+00
   1.5298772e+02  -7.7000000e+00
   1.5323329e+02  -7.7000000e+00
   1.5347885e+02  -7.7000000e+00
   1.5372442e+02  -7.7000000e+00
   1.5396999e+02  -7.7000000e+00
   1.5421555e+02  -7.7000000e+00
   1.5446112e+02  -7.7000000e+00
   1.5470668e+02  -7.9000000e+00
   1.5495225e+02  -7.9000000e+00
   1.5519782e+02  -7.9000000e+00
   1.5544338e+02  -8.0000000e+00
   1.5568895e+02  -8.0000000e+00
   1.5593452e+02  -8.0000000e+00
   1.5618008e+02  -8.0000000e+00
   1.5642565e+02  -8.0000000e+00
   1.5667121e+02  -8.0000000e+00
   1.5691678e+02  -8.1000000e+00
   1.5716235e+02  -8.1000000e+00
   1.5740791e+02  -8.1000000e+00
   1.5765348e+02  -8.2000000e+00
   1.5789905e+02  -8.2000000e+00
   1.5814461e+02  -8.3000000e+00
   1.5839018e+02  -8.3000000e+00
   1.5863574e+02  -8.3000000e+00
   1.5888131e+02  -8.6000000e+00
   1.5912688e+02  -8.6000000e+00
   1.5937244e+02  -8.6000000e+00
   1.5961801e+02  -8.7000000e+00
   1.5986357e+02  -8.7000000e+00
   1.6010914e+02  -8.7000000e+00
   1.6035471e+02  -8.7000000e+00
   1.6060027e+02  -8.7000000e+00
   1.6084584e+02  -8.7000000e+00
   1.6109141e+02  -8.7000000e+00
   1.6133697e+02  -8.8000000e+00
   1.6158254e+02  -8.8000000e+00
   1.6182810e+02  -8.8000000e+00
   1.6207367e+02  -9.1000000e+00
   1.6231924e+02  -9.1000000e+00
   1.6256480e+02  -9.2000000e+00
   1.6281037e+02  -9.5000000e+00
   1.6305593e+02  -9.6000000e+00
   1.6330150e+02  -9.7000000e+00
   1.6354707e+02  -9.8000000e+00
   1.6379263e+02  -1.0100000e+01
   1.6403820e+02  -1.0100000e+01
   1.6428377e+02  -1.0100000e+01
   1.6452933e+02  -1.0200000e+01
   1.6477490e+02  -1.0300000e+01
   1.6502046e+02  -1.0300000e+01
   1.6526603e+02  -1.0300000e+01
   1.6551160e+02  -1.0400000e+01
   1.6575716e+02  -1.0400000e+01
   1.6600273e+02  -1.0600000e+01
   1.6624829e+02  -1.0600000e+01
   1.6649386e+02  -1.0700000e+01
   1.6673943e+02  -1.0800000e+01
   1.6698499e+02  -1.0900000e+01
   1.6723056e+02  -1.1100000e+01
   1.6747613e+02  -1.1300000e+01
   1.6772169e+02  -1.1400000e+01
   1.6796726e+02  -1.1500000e+01
   1.6821282e+02  -1.1700000e+01
   1.6845839e+02  -1.1700000e+01
   1.6870396e+02  -1.1700000e+01
   1.6894952e+02  -1.1700000e+01
   1.6919509e+02  -1.1700000e+01
   1.6944065e+02  -1.1800000e+01
   1.6968622e+02  -1.1800000e+01
   1.6993179e+02  -1.1800000e+01
   1.7017735e+02  -1.1900000e+01
   1.7042292e+02  -1.1900000e+01
   1.7066849e+02  -1.1900000e+01
   1.7091405e+02  -1.1900000e+01
   1.7115962e+02  -1.1900000e+01
   1.7140518e+02  -1.1900000e+01
   1.7165075e+02  -1.1900000e+01
   1.7189632e+02  -1.1900000e+01
   1.7214188e+02  -1.1900000e+01
   1.7238745e+02  -1.2000000e+01
   1.7263302e+02  -1.2000000e+01
   1.7287858e+02  -1.2200000e+01
   1.7312415e+02  -1.2300000e+01
   1.7336971e+02  -1.2300000e+01
   1.7361528e+02  -1.2400000e+01
   1.7386085e+02  -1.2400000e+01
   1.7410641e+02  -1.2400000e+01
   1.7435198e+02  -1.2400000e+01
   1.7459754e+02  -1.2400000e+01
   1.7484311e+02  -1.2400000e+01
   1.7508868e+02  -1.2400000e+01
   1.7533424e+02  -1.2400000e+01
   1.7557981e+02  -1.2400000e+01
   1.7582538e+02  -1.2400000e+01
   1.7607094e+02  -1.2400000e+01
   1.7631651e+02  -1.2500000e+01
   1.7656207e+02  -1.2500000e+01
   1.7680764e+02  -1.2600000e+01
   1.7705321e+02  -1.2800000e+01
   1.7729877e+02  -1.2800000e+01
   1.7754434e+02  -1.2900000e+01
   1.7778990e+02  -1.2900000e+01
   1.7803547e+02  -1.2900000e+01
   1.7828104e+02  -1.2900000e+01
   1.7852660e+02  -1.2900000e+01
   1.7877217e+02  -1.2900000e+01
   1.7901774e+02  -1.3000000e+01
   1.7926330e+02  -1.3000000e+01
   1.7950887e+02  -1.3000000e+01
   1.7975443e+02  -1.3000000e+01
   1.8000000e+02  -1.3100000e+01
   1.8024557e+02  -1.2900000e+01
   1.8049113e+02  -1.2900000e+01
   1.8073670e+02  -1.2900000e+01
   1.8098226e+02  -1.2900000e+01
   1.8122783e+02  -1.2800000e+01
   1.8147340e+02  -1.2800000e+01
   1.8171896e+02  -1.2600000e+01
   1.8196453e+02  -1.2500000e+01
   1.8221010e+02  -1.2400000e+01
   1.8245566e+02  -1.2400000e+01
   1.8270123e+02  -1.2400000e+01
   1.8294679e+02  -1.2400000e+01
   1.8319236e+02  -1.2400000e+01
   1.8343793e+02  -1.2400000e+01
   1.8368349e+02  -1.2400000e+01
   1.8392906e+02  -1.2400000e+01
   1.8417462e+02  -1.2400000e+01
   1.8442019e+02  -1.2400000e+01
   1.8466576e+02  -1.2400000e+01
   1.8491132e+02  -1.2400000e+01
   1.8515689e+02  -1.2300000e+01
   1.8540246e+02  -1.2300000e+01
   1.8564802e+02  -1.2300000e+01
   1.8589359e+02  -1.2200000e+01
   1.8613915e+02  -1.2000000e+01
   1.8638472e+02  -1.2000000e+01
   1.8663029e+02  -1.1900000e+01
   1.8687585e+02  -1.1700000e+01
   1.8712142e+02  -1.1700000e+01
   1.8736698e+02  -1.1500000e+01
   1.8761255e+02  -1.1200000e+01
   1.8785812e+02  -1.0900000e+01
   1.8810368e+02  -1.0800000e+01
   1.8834925e+02  -1.0600000e+01
   1.8859482e+02  -1.0300000e+01
   1.8884038e+02  -9.9000000e+00
   1.8908595e+02  -9.7000000e+00
   1.8933151e+02  -9.5000000e+00
   1.8957708e+02  -9.2000000e+00
   1.8982265e+02  -9.0000000e+00
   1.9006821e+02  -8.7000000e+00
   1.9031378e+02  -8.6000000e+00
   1.9055935e+02  -8.5000000e+00
   1.9080491e+02  -8.2000000e+00
   1.9105048e+02  -8.1000000e+00
   1.9129604e+02  -8.1000000e+00
   1.9154161e+02  -8.0000000e+00
   1.9178718e+02  -8.0000000e+00
   1.9203274e+02  -7.9000000e+00
   1.9227831e+02  -7.6000000e+00
   1.9252387e+02  -7.6000000e+00
   1.9276944e+02  -7.5000000e+00
   1.9301501e+02  -7.2000000e+00
   1.9326057e+02  -7.2000000e+00
   1.9350614e+02  -7.2000000e+00
   1.9375171e+02  -7.1000000e+00
   1.9399727e+02  -7.1000000e+00
   1.9424284e+02  -7.1000000e+00
   1.9448840e+02  -7.0000000e+00
   1.9473397e+02  -7.2000000e+00
   1.9497954e+02  -7.5000000e+00
   1.9522510e+02  -7.5000000e+00
   1.9547067e+02  -7.7000000e+00
   1.9571623e+02  -8.0000000e+00
   1.9596180e+02  -8.2000000e+00
   1.9620737e+02  -8.2000000e+00
   1.9645293e+02  -8.2000000e+00
   1.9669850e+02  -8.5000000e+00
   1.9694407e+02  -8.5000000e+00
   1.9718963e+02  -8.5000000e+00
   1.9743520e+02  -8.5000000e+00
   1.9768076e+02  -8.5000000e+00
   1.9792633e+02  -8.6000000e+00
   1.9817190e+02  -8.6000000e+00
   1.9841746e+02  -8.6000000e+00
   1.9866303e+02  -8.3000000e+00
   1.9890859e+02  -8.2000000e+00
   1.9915416e+02  -8.0000000e+00
   1.9939973e+02  -7.5000000e+00
   1.9964529e+02  -7.2000000e+00
   1.9989086e+02  -7.1000000e+00
   2.0013643e+02  -6.9000000e+00
   2.0038199e+02  -6.8000000e+00
   2.0062756e+02  -6.8000000e+00
   2.0087312e+02  -6.8000000e+00
   2.0111869e+02  -6.8000000e+00
   2.0136426e+02  -6.8000000e+00
   2.0160982e+02  -6.8000000e+00
   2.0185539e+02  -6.8000000e+00
   2.0210095e+02  -6.8000000e+00
   2.0234652e+02  -6.8000000e+00
   2.0259209e+02  -6.6000000e+00
   2.0283765e+02  -6.6000000e+00
   2.0308322e+02  -6.5000000e+00
   2.0332879e+02  -6.4000000e+00
   2.0357435e+02  -6.4000000e+00
   2.0381992e+02  -6.3000000e+00
   2.0406548e+02  -6.3000000e+00
   2.0431105e+02  -6.1000000e+00
   2.0455662e+02  -6.1000000e+00
   2.0480218e+02  -6.0000000e+00
   2.0504775e+02  -5.8000000e+00
   2.0529332e+02  -5.8000000e+00
   2.0553888e+02  -5.6000000e+00
   2.0578445e+02  -5.5000000e+00
   2.0603001e+02  -5.5000000e+00
   2.0627558e+02  -5.5000000e+00
   2.0652115e+02  -5.5000000e+00
   2.0676671e+02  -5.5000000e+00
   2.0701228e+02  -5.5000000e+00
   2.0725784e+02  -5.8000000e+00
   2.0750341e+02  -5.8000000e+00
   2.0774898e+02  -5.8000000e+00
   2.0799454e+02  -6.0000000e+00
   2.0824011e+02  -6.0000000e+00
   2.0848568e+02  -6.0000000e+00
   2.0873124e+02  -6.0000000e+00
   2.0897681e+02  -6.0000000e+00
   2.0922237e+02  -6.0000000e+00
   2.0946794e+02  -5.9000000e+00
   2.0971351e+02  -5.8000000e+00
   2.0995907e+02  -5.8000000e+00
   2.1020464e+02  -5.5000000e+00
   2.1045020e+02  -5.5000000e+00
   2.1069577e+02  -5.5000000e+00
   2.1094134e+02  -5.5000000e+00
   2.1118690e+02  -5.5000000e+00
   2.1143247e+02  -5.5000000e+00
   2.1167804e+02  -5.5000000e+00
   2.1192360e+02  -5.4000000e+00
   2.1216917e+02  -5.3000000e+00
   2.1241473e+02  -5.3000000e+00
   2.1266030e+02  -5.0000000e+00
   2.1290587e+02  -4.9000000e+00
   2.1315143e+02  -4.9000000e+00
   2.1339700e+02  -4.7000000e+00
   2.1364256e+02  -4.7000000e+00
   2.1388813e+02  -4.7000000e+00
   2.1413370e+02  -4.4000000e+00
   2.1437926e+02  -4.4000000e+00
   2.1462483e+02  -4.4000000e+00
   2.1487040e+02  -4.2000000e+00
   2.1511596e+02  -4.2000000e+00
   2.1536153e+02  -4.1000000e+00
   2.1560709e+02  -3.9000000e+00
   2.1585266e+02  -3.8000000e+00
   2.1609823e+02  -3.6000000e+00
   2.1634379e+02  -3.4000000e+00
   2.1658936e+02  -3.3000000e+00
   2.1683492e+02  -3.2000000e+00
   2.1708049e+02  -3.1000000e+00
   2.1732606e+02  -3.1000000e+00
   2.1757162e+02  -3.1000000e+00
   2.1781719e+02  -3.1000000e+00
   2.1806276e+02  -3.1000000e+00
   2.1830832e+02  -3.1000000e+00
   2.1855389e+02  -3.1000000e+00
   2.1879945e+02  -3.1000000e+00
   2.1904502e+02  -3.1000000e+00
   2.1929059e+02  -3.1000000e+00
   2.1953615e+02  -3.1000000e+00
   2.1978172e+02  -3.1000000e+00
   2.2002729e+02  -3.1000000e+00
   2.2027285e+02  -3.1000000e+00
   2.2051842e+02  -3.1000000e+00
   2.2076398e+02  -3.1000000e+00
   2.2100955e+02  -3.1000000e+00
   2.2125512e+02  -3.1000000e+00
   2.2150068e+02  -3.1000000e+00
   2.2174625e+02  -3.1000000e+00
   2.2199181e+02  -3.1000000e+00
   2.2223738e+02  -3.1000000e+00
   2.2248295e+02  -3.1000000e+00
   2.2272851e+02  -3.1000000e+00
   2.2297408e+02  -3.1000000e+00
   2.2321965e+02  -3.1000000e+00
   2.2346521e+02  -3.1000000e+00
   2.2371078e+02  -3.1000000e+00
   2.2395634e+02  -3.1000000e+00
   2.2420191e+02  -3.1000000e+00
   2.2444748e+02  -3.1000000e+00
   2.2469304e+02  -3.1000000e+00
   2.2493861e+02  -2.9000000e+00
   2.2518417e+02  -2.9000000e+00
   2.2542974e+02  -2.9000000e+00
   2.2567531e+02  -2.8000000e+00
   2.2592087e+02  -2.7000000e+00
   2.2616644e+02  -2.7000000e+00
   2.2641201e+02  -2.7000000e+00
   2.2665757e+02  -2.6000000e+00
   2.2690314e+02  -2.6000000e+00
   2.2714870e+02  -2.6000000e+00
   2.2739427e+02  -2.6000000e+00
   2.2763984e+02  -2.6000000e+00
   2.2788540e+02  -2.6000000e+00
   2.2813097e+02  -2.6000000e+00
   2.2837653e+02  -2.6000000e+00
   2.2862210e+02  -2.6000000e+00
   2.2886767e+02  -2.6000000e+00
   2.2911323e+02  -2.6000000e+00
   2.2935880e+02  -2.6000000e+00
   2.2960437e+02  -2.6000000e+00
   2.2984993e+02  -2.6000000e+00
   2.3009550e+02  -2.6000000e+00
   2.3034106e+02  -2.6000000e+00
   2.3058663e+02  -2.6000000e+00
   2.3083220e+02  -2.6000000e+00
   2.3107776e+02  -2.6000000e+00
   2.3132333e+02  -2.6000000e+00
   2.3156889e+02  -2.6000000e+00
   2.3181446e+02  -2.6000000e+00
   2.3206003e+02  -2.5000000e+00
   2.3230559e+02  -2.3000000e+00
   2.3255116e+02  -2.3000000e+00
   2.3279673e+02  -2.2000000e+00
   2.3304229e+02  -2.1000000e+00
   2.3328786e+02  -2.0000000e+00
   2.3353342e+02  -2.0000000e+00
   2.3377899e+02  -2.0000000e+00
   2.3402456e+02  -1.8000000e+00
   2.3427012e+02  -1.8000000e+00
   2.3451569e+02  -1.8000000e+00
   2.3476126e+02  -1.8000000e+00
   2.3500682e+02  -1.8000000e+00
   2.3525239e+02  -1.8000000e+00
   2.3549795e+02  -1.8000000e+00
   2.3574352e+02  -1.8000000e+00
   2.3598909e+02  -1.8000000e+00
   2.3623465e+02  -1.8000000e+00
   2.3648022e+02  -1.8000000e+00
   2.3672578e+02  -1.8000000e+00
   2.3697135e+02  -1.8000000e+00
   2.3721692e+02  -1.8000000e+00
   2.3746248e+02  -1.8000000e+00
   2.3770805e+02  -1.8000000e+00
   2.3795362e+02  -1.8000000e+00
   2.3819918e+02  -1.8000000e+00
   2.3844475e+02  -1.8000000e+00
   2.3869031e+02  -1.8000000e+00
   2.3893588e+02  -1.8000000e+00
   2.3918145e+02  -2.0000000e+00
   2.3942701e+02  -2.0000000e+00
   2.3967258e+02  -2.2000000e+00
   2.3991814e+02  -2.2000000e+00
   2.4016371e+02  -2.2000000e+00
   2.4040928e+02  -2.5000000e+00
   2.4065484e+02  -2.5000000e+00
   2.4090041e+02  -2.7000000e+00
   2.4114598e+02  -2.7000000e+00
   2.4139154e+02  -2.8000000e+00
   2.4163711e+02  -2.9000000e+00
   2.4188267e+02  -3.1000000e+00
   2.4212824e+02  -3.2000000e+00
   2.4237381e+02  -3.2000000e+00
   2.4261937e+02  -3.3000000e+00
   2.4286494e+02  -3.3000000e+00
   2.4311050e+02  -3.3000000e+00
   2.4335607e+02  -3.4000000e+00
   2.4360164e+02  -3.4000000e+00
   2.4384720e+02  -3.6000000e+00
   2.4409277e+02  -3.7000000e+00
   2.4433834e+02  -3.7000000e+00
   2.4458390e+02  -3.8000000e+00
   2.4482947e+02  -3.8000000e+00
   2.4507503e+02  -3.8000000e+00
   2.4532060e+02  -3.8000000e+00
   2.4556617e+02  -3.8000000e+00
   2.4581173e+02  -3.8000000e+00
   2.4605730e+02  -3.8000000e+00
   2.4630286e+02  -3.8000000e+00
   2.4654843e+02  -3.8000000e+00
   2.4679400e+02  -3.8000000e+00
   2.4703956e+02  -3.7000000e+00
   2.4728513e+02  -3.7000000e+00
   2.4753070e+02  -3.6000000e+00
   2.4777626e+02  -3.3000000e+00
   2.4802183e+02  -3.2000000e+00
   2.4826739e+02  -3.1000000e+00
   2.4851296e+02  -2.9000000e+00
   2.4875853e+02  -2.8000000e+00
   2.4900409e+02  -2.8000000e+00
   2.4924966e+02  -2.8000000e+00
   2.4949523e+02  -2.8000000e+00
   2.4974079e+02  -2.8000000e+00
   2.4998636e+02  -2.8000000e+00
   2.5023192e+02  -2.8000000e+00
   2.5047749e+02  -2.8000000e+00
   2.5072306e+02  -2.8000000e+00
   2.5096862e+02  -2.8000000e+00
   2.5121419e+02  -2.8000000e+00
   2.5145975e+02  -2.8000000e+00
   2.5170532e+02  -2.8000000e+00
   2.5195089e+02  -2.8000000e+00
   2.5219645e+02  -2.8000000e+00
   2.5244202e+02  -2.8000000e+00
   2.5268759e+02  -2.8000000e+00
   2.5293315e+02  -2.8000000e+00
   2.5317872e+02  -2.7000000e+00
   2.5342428e+02  -2.7000000e+00
   2.5366985e+02  -2.6000000e+00
   2.5391542e+02  -2.5000000e+00
   2.5416098e+02  -2.5000000e+00
   2.5440655e+02  -2.3000000e+00
   2.5465211e+02  -2.3000000e+00
   2.5489768e+02  -2.3000000e+00
   2.5514325e+02  -2.3000000e+00
   2.5538881e+02  -2.3000000e+00
   2.5563438e+02  -2.3000000e+00
   2.5587995e+02  -2.3000000e+00
   2.5612551e+02  -2.3000000e+00
   2.5637108e+02  -2.3000000e+00
   2.5661664e+02  -2.3000000e+00
   2.5686221e+02  -2.3000000e+00
   2.5710778e+02  -2.3000000e+00
   2.5735334e+02  -2.3000000e+00
   2.5759891e+02  -2.3000000e+00
   2.5784447e+02  -2.3000000e+00
   2.5809004e+02  -2.5000000e+00
   2.5833561e+02  -2.5000000e+00
   2.5858117e+02  -2.5000000e+00
   2.5882674e+02  -2.6000000e+00
   2.5907231e+02  -2.6000000e+00
   2.5931787e+02  -2.6000000e+00
   2.5956344e+02  -2.6000000e+00
   2.5980900e+02  -2.7000000e+00
   2.6005457e+02  -2.7000000e+00
   2.6030014e+02  -2.7000000e+00
   2.6054570e+02  -2.9000000e+00
   2.6079127e+02  -2.9000000e+00
   2.6103683e+02  -2.9000000e+00
   2.6128240e+02  -3.1000000e+00
   2.6152797e+02  -3.1000000e+00
   2.6177353e+02  -3.1000000e+00
   2.6201910e+02  -3.1000000e+00
   2.6226467e+02  -2.9000000e+00
   2.6251023e+02  -2.9000000e+00
   2.6275580e+02  -2.9000000e+00
   2.6300136e+02  -2.8000000e+00
   2.6324693e+02  -2.7000000e+00
   2.6349250e+02  -2.7000000e+00
   2.6373806e+02  -2.7000000e+00
   2.6398363e+02  -2.6000000e+00
   2.6422920e+02  -2.6000000e+00
   2.6447476e+02  -2.6000000e+00
   2.6472033e+02  -2.6000000e+00
   2.6496589e+02  -2.6000000e+00
   2.6521146e+02  -2.6000000e+00
   2.6545703e+02  -2.6000000e+00
   2.6570259e+02  -2.6000000e+00
   2.6594816e+02  -2.6000000e+00
   2.6619372e+02  -2.6000000e+00
   2.6643929e+02  -2.6000000e+00
   2.6668486e+02  -2.6000000e+00
   2.6693042e+02  -2.5000000e+00
   2.6717599e+02  -2.5000000e+00
   2.6742156e+02  -2.5000000e+00
   2.6766712e+02  -2.3000000e+00
   2.6791269e+02  -2.3000000e+00
   2.6815825e+02  -2.3000000e+00
   2.6840382e+02  -2.3000000e+00
   2.6864939e+02  -2.3000000e+00
   2.6889495e+02  -2.3000000e+00
   2.6914052e+02  -2.3000000e+00
   2.6938608e+02  -2.3000000e+00
   2.6963165e+02  -2.3000000e+00
   2.6987722e+02  -2.3000000e+00
   2.7012278e+02  -2.3000000e+00
   2.7036835e+02  -2.3000000e+00
   2.7061392e+02  -2.3000000e+00
   2.7085948e+02  -2.3000000e+00
   2.7110505e+02  -2.3000000e+00
   2.7135061e+02  -2.2000000e+00
   2.7159618e+02  -2.2000000e+00
   2.7184175e+02  -2.2000000e+00
   2.7208731e+02  -2.1000000e+00
   2.7233288e+02  -2.1000000e+00
   2.7257844e+02  -2.0000000e+00
   2.7282401e+02  -1.8000000e+00
   2.7306958e+02  -1.6000000e+00
   2.7331514e+02  -1.5000000e+00
   2.7356071e+02  -1.2000000e+00
   2.7380628e+02  -9.0000000e-01
   2.7405184e+02  -9.0000000e-01
   2.7429741e+02  -7.0000000e-01
   2.7454297e+02  -6.0000000e-01
   2.7478854e+02  -6.0000000e-01
   2.7503411e+02  -6.0000000e-01
   2.7527967e+02  -6.0000000e-01
   2.7552524e+02  -6.0000000e-01
   2.7577080e+02  -6.0000000e-01
   2.7601637e+02  -6.0000000e-01
   2.7626194e+02  -6.0000000e-01
   2.7650750e+02  -6.0000000e-01
   2.7675307e+02  -6.0000000e-01
   2.7699864e+02  -6.0000000e-01
   2.7724420e+02  -6.0000000e-01
   2.7748977e+02  -6.0000000e-01
   2.7773533e+02  -6.0000000e-01
   2.7798090e+02  -6.0000000e-01
   2.7822647e+02  -6.0000000e-01
   2.7847203e+02  -6.0000000e-01
   2.7871760e+02  -6.0000000e-01
   2.7896317e+02  -6.0000000e-01
   2.7920873e+02  -6.0000000e-01
   2.7945430e+02  -6.0000000e-01
   2.7969986e+02  -6.0000000e-01
   2.7994543e+02  -6.0000000e-01
   2.8019100e+02  -5.0000000e-01
   2.8043656e+02  -5.0000000e-01
   2.8068213e+02  -4.0000000e-01
   2.8092769e+02  -1.0000000e-01
   2.8117326e+02   0.0000000e+00
   2.8141883e+02   4.0000000e-01
   2.8166439e+02   5.0000000e-01
   2.8190996e+02   9.0000000e-01
   2.8215553e+02   1.4000000e+00
   2.8240109e+02   1.8000000e+00
   2.8264666e+02   2.3000000e+00
   2.8289222e+02   2.8000000e+00
   2.8313779e+02   3.8000000e+00
   2.8338336e+02   4.2000000e+00
   2.8362892e+02   4.7000000e+00
   2.8387449e+02   5.3000000e+00
   2.8412005e+02   5.5000000e+00
   2.8436562e+02   5.8000000e+00
   2.8461119e+02   5.9000000e+00
   2.8485675e+02   6.1000000e+00
   2.8510232e+02   6.1000000e+00
   2.8534789e+02   6.1000000e+00
   2.8559345e+02   6.4000000e+00
   2.8583902e+02   6.4000000e+00
   2.8608458e+02   6.4000000e+00
   2.8633015e+02   6.5000000e+00
   2.8657572e+02   6.5000000e+00
   2.8682128e+02   6.5000000e+00
   2.8706685e+02   6.5000000e+00
   2.8731241e+02   6.5000000e+00
   2.8755798e+02   6.5000000e+00
   2.8780355e+02   6.5000000e+00
   2.8804911e+02   6.5000000e+00
   2.8829468e+02   6.5000000e+00
   2.8854025e+02   6.5000000e+00
   2.8878581e+02   6.5000000e+00
   2.8903138e+02   6.5000000e+00
   2.8927694e+02   6.5000000e+00
   2.8952251e+02   6.4000000e+00
   2.8976808e+02   6.4000000e+00
   2.9001364e+02   5.9000000e+00
   2.9025921e+02   5.6000000e+00
   2.9050477e+02   5.5000000e+00
   2.9075034e+02   5.0000000e+00
   2.9099591e+02   4.8000000e+00
   2.9124147e+02   4.5000000e+00
   2.9148704e+02   4.5000000e+00
   2.9173261e+02   4.4000000e+00
   2.9197817e+02   4.3000000e+00
   2.9222374e+02   4.2000000e+00
   2.9246930e+02   4.2000000e+00
   2.9271487e+02   4.1000000e+00
   2.9296044e+02   4.1000000e+00
   2.9320600e+02   4.1000000e+00
   2.9345157e+02   4.1000000e+00
   2.9369714e+02   4.1000000e+00
   2.9394270e+02   4.1000000e+00
   2.9418827e+02   4.1000000e+00
   2.9443383e+02   3.9000000e+00
   2.9467940e+02   3.9000000e+00
   2.9492497e+02   3.9000000e+00
   2.9517053e+02   3.2000000e+00
   2.9541610e+02   3.1000000e+00
   2.9566166e+02   3.1000000e+00
   2.9590723e+02   2.5000000e+00
   2.9615280e+02   2.2000000e+00
   2.9639836e+02   2.1000000e+00
   2.9664393e+02   2.0000000e+00
   2.9688950e+02   2.0000000e+00
   2.9713506e+02   1.8000000e+00
   2.9738063e+02   1.8000000e+00
   2.9762619e+02   1.8000000e+00
   2.9787176e+02   1.8000000e+00
   2.9811733e+02   1.8000000e+00
   2.9836289e+02   1.8000000e+00
   2.9860846e+02   1.8000000e+00
   2.9885402e+02   1.8000000e+00
   2.9909959e+02   1.8000000e+00
   2.9934516e+02   1.8000000e+00
   2.9959072e+02   1.8000000e+00
   2.9983629e+02   1.8000000e+00
   3.0008186e+02   2.0000000e+00
   3.0032742e+02   2.0000000e+00
   3.0057299e+02   2.1000000e+00
   3.0081855e+02   2.3000000e+00
   3.0106412e+02   2.6000000e+00
   3.0130969e+02   2.8000000e+00
   3.0155525e+02   3.2000000e+00
   3.0180082e+02   3.6000000e+00
   3.0204638e+02   3.9000000e+00
   3.0229195e+02   4.2000000e+00
   3.0253752e+02   4.5000000e+00
   3.0278308e+02   4.8000000e+00
   3.0302865e+02   4.9000000e+00
   3.0327422e+02   5.3000000e+00
   3.0351978e+02   5.3000000e+00
   3.0376535e+02   5.4000000e+00
   3.0401091e+02   5.5000000e+00
   3.0425648e+02   5.5000000e+00
   3.0450205e+02   5.5000000e+00
   3.0474761e+02   5.5000000e+00
   3.0499318e+02   5.5000000e+00
   3.0523874e+02   5.5000000e+00
   3.0548431e+02   5.5000000e+00
   3.0572988e+02   5.5000000e+00
   3.0597544e+02   5.5000000e+00
   3.0622101e+02   5.5000000e+00
   3.0646658e+02   5.5000000e+00
   3.0671214e+02   5.5000000e+00
   3.0695771e+02   5.5000000e+00
   3.0720327e+02   5.5000000e+00
   3.0744884e+02   5.5000000e+00
   3.0769441e+02   5.5000000e+00
   3.0793997e+02   5.5000000e+00
   3.0818554e+02   5.5000000e+00
   3.0843111e+02   5.5000000e+00
   3.0867667e+02   5.5000000e+00
   3.0892224e+02   5.5000000e+00
   3.0916780e+02   5.5000000e+00
   3.0941337e+02   5.5000000e+00
   3.0965894e+02   5.6000000e+00
   3.0990450e+02   5.6000000e+00
   3.1015007e+02   5.9000000e+00
   3.1039563e+02   6.0000000e+00
   3.1064120e+02   6.1000000e+00
   3.1088677e+02   6.5000000e+00
   3.1113233e+02   6.5000000e+00
   3.1137790e+02   6.6000000e+00
   3.1162347e+02   6.9000000e+00
   3.1186903e+02   6.9000000e+00
   3.1211460e+02   7.0000000e+00
   3.1236016e+02   7.1000000e+00
   3.1260573e+02   7.1000000e+00
   3.1285130e+02   7.2000000e+00
   3.1309686e+02   7.2000000e+00
   3.1334243e+02   7.2000000e+00
   3.1358799e+02   7.4000000e+00
   3.1383356e+02   7.5000000e+00
   3.1407913e+02   7.5000000e+00
   3.1432469e+02   7.9000000e+00
   3.1457026e+02   8.0000000e+00
   3.1481583e+02   8.0000000e+00
   3.1506139e+02   8.2000000e+00
   3.1530696e+02   8.2000000e+00
   3.1555252e+02   8.3000000e+00
   3.1579809e+02   8.3000000e+00
   3.1604366e+02   8.5000000e+00
   3.1628922e+02   8.7000000e+00
   3.1653479e+02   8.8000000e+00
   3.1678035e+02   9.1000000e+00
   3.1702592e+02   9.1000000e+00
   3.1727149e+02   9.2000000e+00
   3.1751705e+02   9.3000000e+00
   3.1776262e+02   9.5000000e+00
   3.1800819e+02   9.6000000e+00
   3.1825375e+02   9.7000000e+00
   3.1849932e+02   1.0100000e+01
   3.1874488e+02   1.0200000e+01
   3.1899045e+02   1.0300000e+01
   3.1923602e+02   1.0600000e+01
   3.1948158e+02   1.0400000e+01
   3.1972715e+02   1.0400000e+01
   3.1997271e+02   1.0400000e+01
   3.2021828e+02   1.0400000e+01
   3.2046385e+02   1.0400000e+01
   3.2070941e+02   1.0400000e+01
   3.2095498e+02   1.0400000e+01
   3.2120055e+02   1.0600000e+01
   3.2144611e+02   1.0600000e+01
   3.2169168e+02   1.0700000e+01
   3.2193724e+02   1.0900000e+01
   3.2218281e+02   1.0900000e+01
   3.2242838e+02   1.1200000e+01
   3.2267394e+02   1.1500000e+01
   3.2291951e+02   1.1500000e+01
   3.2316508e+02   1.1800000e+01
   3.2341064e+02   1.2000000e+01
   3.2365621e+02   1.2200000e+01
   3.2390177e+02   1.2400000e+01
   3.2414734e+02   1.2600000e+01
   3.2439291e+02   1.2800000e+01
   3.2463847e+02   1.2900000e+01
   3.2488404e+02   1.3300000e+01
   3.2512960e+02   1.3300000e+01
   3.2537517e+02   1.3300000e+01
   3.2562074e+02   1.3500000e+01
   3.2586630e+02   1.3500000e+01
   3.2611187e+02   1.3500000e+01
   3.2635744e+02   1.3800000e+01
   3.2660300e+02   1.3800000e+01
   3.2684857e+02   1.3900000e+01
   3.2709413e+02   1.4200000e+01
   3.2733970e+02   1.4200000e+01
   3.2758527e+02   1.4500000e+01
   3.2783083e+02   1.4900000e+01
   3.2807640e+02   1.5000000e+01
   3.2832196e+02   1.5100000e+01
   3.2856753e+02   1.5300000e+01
   3.2881310e+02   1.5500000e+01
   3.2905866e+02   1.5600000e+01
   3.2930423e+02   1.5700000e+01
   3.2954980e+02   1.5700000e+01
   3.2979536e+02   1.6000000e+01
   3.3004093e+02   1.6000000e+01
   3.3028649e+02   1.6000000e+01
   3.3053206e+02   1.6200000e+01
   3.3077763e+02   1.6200000e+01
   3.3102319e+02   1.6300000e+01
   3.3126876e+02   1.6600000e+01
   3.3151432e+02   1.6600000e+01
   3.3175989e+02   1.6800000e+01
   3.3200546e+02   1.6900000e+01
   3.3225102e+02   1.6900000e+01
   3.3249659e+02   1.7100000e+01
   3.3274216e+02   1.7100000e+01
   3.3298772e+02   1.7100000e+01
   3.3323329e+02   1.7100000e+01
   3.3347885e+02   1.7100000e+01
   3.3372442e+02   1.7100000e+01
   3.3396999e+02   1.7100000e+01
   3.3421555e+02   1.7100000e+01
   3.3446112e+02   1.7100000e+01
   3.3470668e+02   1.7200000e+01
   3.3495225e+02   1.7200000e+01
   3.3519782e+02   1.7300000e+01
   3.3544338e+02   1.7600000e+01
   3.3568895e+02   1.7700000e+01
   3.3593452e+02   1.7800000e+01
   3.3618008e+02   1.8300000e+01
   3.3642565e+02   1.8500000e+01
   3.3667121e+02   1.8700000e+01
   3.3691678e+02   1.9800000e+01
   3.3716235e+02   2.0100000e+01
   3.3740791e+02   2.0400000e+01
   3.3765348e+02   2.1400000e+01
   3.3789905e+02   2.1900000e+01
   3.3814461e+02   2.2100000e+01
   3.3839018e+02   2.2500000e+01
   3.3863574e+02   2.2700000e+01
   3.3888131e+02   2.3100000e+01
   3.3912688e+02   2.3300000e+01
   3.3937244e+02   2.3300000e+01
   3.3961801e+02   2.3700000e+01
   3.3986357e+02   2.3900000e+01
   3.4010914e+02   2.4100000e+01
   3.4035471e+02   2.4300000e+01
   3.4060027e+02   2.4600000e+01
   3.4084584e+02   2.4700000e+01
   3.4109141e+02   2.4900000e+01
   3.4133697e+02   2.5200000e+01
   3.4158254e+02   2.5200000e+01
   3.4182810e+02   2.5400000e+01
   3.4207367e+02   2.5700000e+01
   3.4231924e+02   2.5800000e+01
   3.4256480e+02   2.6000000e+01
   3.4281037e+02   2.6200000e+01
   3.4305593e+02   2.6600000e+01
   3.4330150e+02   2.6900000e+01
   3.4354707e+02   2.6900000e+01
   3.4379263e+02   2.7600000e+01
   3.4403820e+02   2.7700000e+01
   3.4428377e+02   2.8100000e+01
   3.4452933e+02   2.8100000e+01
   3.4477490e+02   2.8100000e+01
   3.4502046e+02   2.8100000e+01
   3.4526603e+02   2.8100000e+01
   3.4551160e+02   2.8100000e+01
   3.4575716e+02   2.8100000e+01
   3.4600273e+02   2.8100000e+01
   3.4624829e+02   2.8100000e+01
   3.4649386e+02   2.8100000e+01
   3.4673943e+02   2.8100000e+01
   3.4698499e+02   2.8100000e+01
   3.4723056e+02   2.8100000e+01
   3.4747613e+02   2.8100000e+01
   3.4772169e+02   2.8100000e+01
   3.4796726e+02   2.8200000e+01
   3.4821282e+02   2.8200000e+01
   3.4845839e+02   2.8400000e+01
   3.4870396e+02   2.8600000e+01
   3.4894952e+02   2.8600000e+01
   3.4919509e+02   2.8900000e+01
   3.4944065e+02   2.9000000e+01
   3.4968622e+02   2.9100000e+01
   3.4993179e+02   2.9500000e+01
   3.5017735e+02   2.9600000e+01
   3.5042292e+02   3.0100000e+01
   3.5066849e+02   3.0700000e+01
   3.5091405e+02   3.0900000e+01
   3.5115962e+02   3.1400000e+01
   3.5140518e+02   3.1900000e+01
   3.5165075e+02   3.2200000e+01
   3.5189632e+02   3.2400000e+01
   3.5214188e+02   3.2500000e+01
   3.5238745e+02   3.2800000e+01
   3.5263302e+02   3.3000000e+01
   3.5287858e+02   3.3200000e+01
   3.5312415e+02   3.3300000e+01
   3.5336971e+02   3.3600000e+01
   3.5361528e+02   3.3800000e+01
   3.5386085e+02   3.3800000e+01
   3.5410641e+02   3.4100000e+01
   3.5435198e+02   3.4300000e+01
   3.5459754e+02   3.4300000e+01
   3.5484311e+02   3.4400000e+01
   3.5508868e+02   3.4600000e+01
   3.5533424e+02   3.4600000e+01
   3.5557981e+02   3.4700000e+01
   3.5582538e+02   3.4900000e+01
   3.5607094e+02   3.4900000e+01
   3.5631651e+02   3.5000000e+01
   3.5656207e+02   3.5100000e+01
   3.5680764e+02   3.5200000e+01
   3.5705321e+02   3.5400000e+01
   3.5729877e+02   3.5400000e+01
   3.5754434e+02   3.5500000e+01
   3.5778990e+02   3.5500000e+01
   3.5803547e+02   3.5500000e+01
   3.5828104e+02   3.5500000e+01
   3.5852660e+02   3.5500000e+01
   3.5877217e+02   3.5500000e+01
   3.5901774e+02   3.5600000e+01
   3.5926330e+02   3.5700000e+01
   3.5950887e+02   3.5900000e+01
   3.5975443e+02   3.6100000e+01
   3.6000000e+02   3.6300000e+01
